0000000000000000000000000000000000000000000000000000000000000000000000000000000000000000000000000000
0000010001101100000000000000000000000000000000100000001111000000000000000000000111100000000011000000
0000100001000100000000001000000000000000001000100000000101100011110110000001011100011000000010000000
0000100110011110000000010100000000110000110000100011100011000001001001000111110001011000001010000000
0000010001101100000000010100000011001000011000011000001100000001001000000000001001000000000000000110
0000000000110100000000001100000011111100011000111000001100001000000000111100010100000001100000000110
0000000000000000011000000000000100111100001010000000010000011100010000110000010101000001101100000000
0011000000000000001000000000000011000001000110000010100001101010100000110001000101100000111110000000
0010100000000001010000000000000000001000000000000100101010010000100000010100000100100000111011000000
0000000000000011000000000010000000001100000000000100011100000100010011010101100010100001001011000000
0111000000001000000000000111000000010101100000000001000001010000100010010001110111000000001000000000
0111000000010001000000010100000010000100000000000011010100000010010000001100000000000110001100000000
0010000000010001010000100111000000001011011000000011110001111110010100000100000000001000000000000000
0000110100000000110000110101000000100010010011011000000100000011010110000000000000001011000000000000
0000011010000000000000100010000000110000001100011000111111010111001111110001100000000000100000000000
0000011110000000000000000000000000000000000000010000010010001110000010000000000000000100010001100000
0000000101000111000000011010000000000000000011000011101001110100000100101001000000000011011000010000
0000000000000000000000010110000010111000000000100010000001000010000111110001000000000010000011001000
0000000000000000000000010000000000110000000000110000100000011101001000000001001100000011111110000000
0000000000000000000001100110000010010000001101011000100000001000100001000001101000000011000110100000
0000000110000000000001110010000001100000000010000000000000001101001010000001011000111000000001110000
0000000110000000100100100000000011100000000100110001001000011010000111000000111000100100000010101000
0000001010000000010100000010000000000000000000000000000110001000000001100000100011000000000001110110
0000011100000000010000110100000010100010000001000000000010000000000001010010110010000000000000000000
0000100000000000011010110000000000100010000000000100000000000100000000101000110000001000001000111110
0001100000000000000010010000000100000000000000000010010010010110000110001100000011001101101000000110
0000110001000101000111000000000111000000000001100000110011100100000111000110000001001001100000000010
0000100000100100001101010111000000000000000001000000101010011000000010100000010100100000011000000000
0000000100100100101111100000100000000000000001001001010000110000000001000000000000011110001000110100
0011100011000010011001100000000000000000000000000010100000000000000000010011000010100001101000101000
0000000000000001000000100000000000000000000000011010011000000100000000101110011010111001001000100000
0000100000000100000000011110010000000000100000000000011000011000000000110011111000000001000000100000
0000110000001110000011001110000000000000010000000101000000001001000000011101110000001010000000111100
0001001000011010000011001000000000000100000000000100100000001001000000101101010000000010100001100000
0000110001101000100000000100000000001100000000000001000000000101000001010010100010000010111101000010
0000000000000000000011000101100000000101000000110000000000000011000001111110110010000000000000000000
0000110000000000000110001001100111000100011001001000000000000001100000010010100100000001000000000000
0001000000000000000000100000010000000000100110000100000000000010010011010010000101001110000000011100
0000110000000000000000011100010000001001000000000100000000000001100000000001000010000100110000000000
0001010000000000000000100100010000010000001000010010000000000001101100001000111000000010110011000000
0010010000000000000000100000111000110110000101110100000000000000010110001000010000000100011100000000
0010010000000000000000000000001000000000000010000000000000000001111111001000001000000010001100000000
0000100000000000000000000000000000000000000000000000000000000000010001111000000001000000001100010000
0011000000000000000000000000000000000000000001000000000000000001010010000010000010000000000110100000
0100101100000000000000000001100000000000000100100000000000000001101111111000010100000000000010000000
0000000100000000000000000000100000111100001000000000000000000011001100011010000100001000000001000000
0011111010000000111000000000010011111000001101001000000000000000001000000000001100111000110010100110
0000100111000001001100000000000011100000000000001000000000000001010000000000001111111111011010000110
0000000000000000010110010000000000000000000000010100000000000010010000011100000111001111000011011100
0000000000000010010100101100000000000000000000011001011000000011010000011000000010000000000000111000
0000000000000100010101000010000000000000011000110111000000100100000000010000000001001010000000101100
0000000000000010000000100010000000000000110100001000000001100000000000011000000000000101010001101100
0000000000000000000010100000000000000001001010110100110101100000000000011000000100000100010011101100
0000000000000000100010100100000011000001001000001000000010000000000000010010100100000001110110101000
0011100000000000000111000000000110100011010010001000111000000000000000010000101100000000100110000000
0100100000000000110111100000000010010010010000000000110000000000000000011000100000000000001000000000
0010100000000000110100000100000001100011010000000000100000000000000000001000111100000000001001100000
0100101000000000010101110000000000000000011000000011001000000000000000000000001010000000010010110000
0100111000000000001011010110000000000111111000001000001000000000000000000111000000000000001010101000
0000100000000000000000000000000010000010101100010000010100000111000110101010000000011100000110011000
0000000000000000100000000000000001001000101000000000000100000000001000001001000000000000000111000000
0001000000000001010000010000000101101111010010010000100000001001001000001010000000000000000000000000
0100000000000010001000111000000101000110000110010000100110000000101000010000110000000000000101000000
0101110100000000010000100100000100000000100000100100000010000100000000111000001110010000000000001100
0011110000001101000000100110000010100000100001101110001100000011100000001000000010010000101110000100
0000000000001000000000011111100001100000000000100010000000000001100000001110011001110011010000000000
0000000001010001000000010001100000100000000000000110000000000001010000001000101111000000010100000000
0000001010001011000000000000000000011000000000000011000000000010001000001000000000010000000010000000
0010000000000100000000000000000010000000000000000100011000000001000100000100010100000000000110000000
0101000000000000000000000000011000000000000000000011000000000000111100000111111000110000001011000000
0011000000000000000000000000100100000000000000000001000001110000010100010000010011010000001010110000
0100011101000000000000000000001000000000000000000000100000010000011000010000000000000000001110010000
0111111100000000000000000001111100000000000000000000000000000000110100000000100100000000000011010000
0011100000010000011000000000000111000000000000000110000000010001110011000000000100000000000000100110
0010000010000000011000000000000110000000000000011010000000000010001010110010110000000000000000001010
0100000010000010000000111000100000000011000011111100000001000010001111100011010000000000000000001110
0101000000001010000000000001100000001100100111010000000000110000000000000001011000000000000000000010
0000100000000000000001001011010000010001101110001000000000000100000000000000000000000000000000100010
0000110101000000000001011111000000010000001110000011000000011100000000000001000000000000000000100100
0000110110000001100000110111011000001100001101000010100000000001110000000001000000000011000000001000
0000000001010101000000000001101100001110000011000000000000100001001000000000100010000010100000000000
0000000000010100000000000001000100001110000010000011100000100101000000000011111110000000110000000000
0000000000010100000000000000000100100000000001100000000000011000000000001101000000000001110000000000
0000000000000000000000000000100100100000000010110110000000000000100100001000001100001001000000000000
0000001100000000000000000000001000000000000010001001000000000000100100000111001000010100000000000000
0000001100000000000000000000010000000010011001001000000000001100010000000001000000010010000000000000
0000000000000010000000010000010000000110000001000101000000001010000000000000111000001100000000000000
0000000000001111110001100000000000000010010000000010000000000011000000000000011000000110011100000000
0001110000011101110000000000000000011010000001000000000000000110000100011100000000000101011100010000
0111000000011001000100001000000000011000101001000000000000000010001010100010000000000100100000010000
0000000000000000110000110100011000000100100110000000000000000000000000011010000000000011100000000000
0000000000000000100100001110011000000010010000000000000000000011100000100010000000000100101100000000
0000000000000000001110000100011000000001100000000000001000001101000000101100000000000011000010000000
0000000100000000001011000100000001100000000000000000011100001001000001000100000000000011101111000000
0000010000000000000010000000000011100001100000000000100011010010000000101000000000000000000001100010
0000100110000110000010001000000000010000100000000101111111011000000000100000000000000000000001101010
0001001000001001000001100000000000000000000000001000101100110000001011000100000000000000001101100000
0001000110000110000000000000000000000000000000000101000001100000010000000000000000000000001010110110
0000111110000000000000000000000000000000000000000010000001100000001000000100000000000000000101000000
0000000000000000000000000000000000000000000000000000000000000000000000000000000000000000000000000000
